P:	0.499194
L:	0.499272
M:	0.00109983
U:	0.000433952
A:	0.000100973	8.9043e-06	0.318984	1.44852e-05	1.13207e-05
C:	2.73537e-05	0.999971	0.000826547	2.05928e-05	2.21899e-05
G:	0.999836	1.15042e-05	0.213131	0.999953	0.999958
U:	3.60852e-05	8.89251e-06	0.467058	1.17233e-05	8.27356e-06
