P:	0.348488
L:	0.426419
M:	0.128787
U:	0.096306
A:	0.0241819	0.35126	0.020143	0.0275308
C:	0.927589	0.111528	0.032688	0.0290779
G:	0.026422	0.175312	0.925297	0.922221
U:	0.0218068	0.361899	0.0218718	0.0211703
